106.8790092
107.9282828
108.9745585
110.0238321
111.0731057
112.1223793
113.1716529
114.2217359
115.2711894
213.7520226
215.8505698
217.9461190
220.0446662
222.1432135
224.2417607
226.3403079
228.4390649
230.5380019
320.6190401
323.7638629
326.9086858
330.0565066
333.2043274
336.3521483
339.4999691
342.6476400
345.7960004
427.4710679
431.6651644
435.8592609
440.0563553
444.2504518
448.4475462
452.6446406
456.8429642
461.0407781
534.3051083
539.5484784
544.7918485
550.0352185
555.2815866
560.5279546
565.7743226
571.0206906
576.2679280
641.1181631
647.4078089
653.7004526
659.9960942
666.2887379
672.5843795
678.8800211
685.1763823
691.47307321
747.9042367
755.2431560
762.5850733
769.9269906
777.2719059
784.6138232
791.9587384
799.3056622
806.65180661
854.6573330
863.0485239
871.4367169
879.8279078
888.2220966
896.6162855
905.0104743
913.4041235
921.79969141
961.3774522
970.8149188
980.2553833
989.6958478
999.1363123
1008.5797748
1018.0232372
1027.4673891
1036.9124105
1068.0585984
1078.5453386
1089.0320788
1099.5218169
1110.0115550
1120.5042910
1130.9970271
1141.4910222
1151.9854671
1174.6947757
1186.2307895
1197.7668033
1209.3058150
1220.8448267
1232.3868363
1243.9288460
1255.4706458
1267.0144841
1281.2829862
1293.8652757
1306.4505631
1319.0388484
1331.6271337
1344.2184170
1356.8097002
1369.4018228
1381.9951147
1387.8172341
1401.4487972
1415.0833582
1428.7209171
1442.3584760
1455.9990328
1469.6395897
1483.2802065
1494.2945214
1496.9229218
1508.9753581
1523.6591927
1538.3430273
1553.0328577
1567.7196902
1582.4095207
1597.1014197
1600.7118502
1611.7935286
1616.4419605
1632.1720708
1647.9081769
1663.6442830
1679.3803891
1695.1194932
1707.0602268
1710.8609356
1723.8396107
1726.6024980
1740.6189945
1757.4043743
1774.1897540
1790.9751337
1807.7635114
1813.3426490
1824.5545871
1831.1683086
1841.3455130
1848.9969660
1866.8286214
1884.6632748
1902.5009260
1919.5471252
1920.3385773
1938.1778174
1938.4220583
1956.0181368
1957.2999894
1976.1809184
1995.0648453
2013.9517702
2025.6706574
2032.8386951
2045.5948641
2051.7262795
2065.5220688
2070.6159924
2085.4522714
2105.3854720
2125.3216704
2131.7132456
2145.2578689
2152.6867260
2165.1955663
2173.6632043
2185.1346727
2194.6426805
2215.6251546
2236.6076288
2237.6658961
2257.5931008
2259.6886501
2278.5813310
2281.7144020
2299.5698309
2303.7431518
2325.7748995
2343.5286089
2347.8066473
2366.5976385
2369.8413929
2389.6726640
2391.8794063
2412.7506875
2413.9171200
2435.8317088
2449.2923902
2458.9157281
2473.4136913
2481.9997473
2497.5349925
2505.0848458
2521.6622895
2528.1720729
2545.7925845
2554.9572399
2569.9258773
2580.1248168
2594.0591702
2605.2983895
2618.1944717
2630.4749601
2642.3305226
2655.6515307
2660.5141644
2680.8340972
2686.7310148
2706.0166636
2712.9538611
2731.2023779
2739.1797053
2756.3875826
2765.4085475
2765.9631635
2791.6373897
2793.2292876
2817.8692297
2820.4984096
2844.1041277
2847.7735274
2870.3394154
2871.2952437
2875.0516432
2899.6106413
2902.3327568
2927.9320348
2929.6138705
2956.2564263
2956.8959435
2976.5104047
2984.1814642
2984.5838156
3005.8750760
3012.9112050
3035.2457431
3041.2415923
3064.6194081
3069.5756670
3081.6026509
3093.9930732
3097.9093520
3112.0165957
3123.3727341
3142.4365365
3152.7523949
3172.8564772
3182.1361330
3203.2824137
3211.5187019
3233.7113482
3264.1402827
3294.5722751
3325.0111027